#        Omega_cdm,     Omega_sfdm_1, sfdm_parameters_1__1,          omega_b,               H0,                M,     Omega_Lambda,          Omega_m
 2.936695e-03	-2.908070e-03	-3.743977e-03	 1.799170e-07	 9.733372e-04	 4.263327e-05	-2.763993e-05	 2.935712e-03	
-2.908070e-03	 2.924366e-03	 3.199882e-03	-1.744191e-07	-1.645587e-03	-4.342997e-05	-1.829671e-05	-2.906073e-03	
-3.743977e-03	 3.199882e-03	 2.119125e+00	-2.550398e-06	-1.321255e-01	-4.339184e-03	 3.521528e-04	-3.552342e-03	
 1.799170e-07	-1.744191e-07	-2.550398e-06	 1.092761e-08	 5.562892e-06	 1.885881e-07	-2.123831e-08	 1.956703e-07	
 9.733372e-04	-1.645587e-03	-1.321255e-01	 5.562892e-06	 3.682994e-01	 1.130390e-02	 1.211426e-03	 4.350222e-04	
 4.263327e-05	-4.342997e-05	-4.339184e-03	 1.885881e-07	 1.130390e-02	 3.745453e-04	 1.731071e-05	 2.614570e-05	
-2.763993e-05	-1.829671e-05	 3.521528e-04	-2.123831e-08	 1.211426e-03	 1.731071e-05	 4.779413e-05	-2.949458e-05	
 2.935712e-03	-2.906073e-03	-3.552342e-03	 1.956703e-07	 4.350222e-04	 2.614570e-05	-2.949458e-05	 2.935568e-03	
